# nx nz
 44 49

# x(0:nx) z_bed(0:nx)
  0.0       45.0
  100.0     44.0
  200.0     43.0
  300.0     42.0
  400.0     41.0
  500.0     40.0
  600.0     39.0
  700.0     38.0
  800.0     37.0
  900.0     36.0
  1000.0    35.0
  1100.0    34.0
  1200.0    33.0
  1300.0    32.0
  1400.0    31.0
  1500.0    30.0
  1600.0    29.0
  1700.0    28.0
  1800.0    27.0
  1900.0    26.0
  2000.0    25.0
  2100.0    24.0
  2200.0    23.0
  2300.0    22.0
  2400.0    21.0
  2500.0    20.0
  2600.0    19.0
  2700.0    18.0
  2800.0    17.0
  2900.0    16.0
  3000.0    15.0
  3100.0    14.0
  3200.0    13.0
  3300.0    12.0
  3400.0    11.0
  3500.0    10.0
  3600.0    9.0
  3700.0    8.0
  3800.0    7.0
  3900.0    6.0
  4000.0    5.0
  4100.0    5.0
  4200.0    3.0
  4300.0    2.0
  4400.0    1.0

# z(0:nz)
  0.0
  1.0
  2.0
  3.0
  4.0
  5.0
  6.0
  7.0
  8.0
  9.0
  10.0
  11.0
  12.0
  13.0
  14.0
  15.0
  16.0
  17.0
  18.0
  19.0
  20.0
  21.0
  22.0
  23.0
  24.0
  25.0
  26.0
  27.0
  28.0
  29.0
  30.0
  31.0
  32.0
  33.0
  34.0
  35.0
  36.0
  37.0
  38.0
  39.0
  40.0
  41.0
  42.0
  43.0
  44.0
  45.0
  46.0
  47.0
  48.0
  49.0

#  width(0:nx,0:nz)
  0.0  0.0  0.0  0.0  0.0  0.0  0.0  0.0  0.0  0.0  0.0  0.0  0.0  0.0  0.0  0.0  0.0  0.0  0.0  0.0  0.0  0.0  0.0  0.0  0.0  0.0  0.0  0.0  0.0  0.0  0.0  0.0  0.0  0.0  0.0  0.0  0.0  0.0  0.0  0.0  0.0  0.0  0.0  0.0  9.6
  0.0  0.0  0.0  0.0  0.0  0.0  0.0  0.0  0.0  0.0  0.0  0.0  0.0  0.0  0.0  0.0  0.0  0.0  0.0  0.0  0.0  0.0  0.0  0.0  0.0  0.0  0.0  0.0  0.0  0.0  0.0  0.0  0.0  0.0  0.0  0.0  0.0  0.0  0.0  0.0  0.0  0.0  0.0  9.6  19.2
  0.0  0.0  0.0  0.0  0.0  0.0  0.0  0.0  0.0  0.0  0.0  0.0  0.0  0.0  0.0  0.0  0.0  0.0  0.0  0.0  0.0  0.0  0.0  0.0  0.0  0.0  0.0  0.0  0.0  0.0  0.0  0.0  0.0  0.0  0.0  0.0  0.0  0.0  0.0  0.0  0.0  0.0  9.6  19.2  28.8
  0.0  0.0  0.0  0.0  0.0  0.0  0.0  0.0  0.0  0.0  0.0  0.0  0.0  0.0  0.0  0.0  0.0  0.0  0.0  0.0  0.0  0.0  0.0  0.0  0.0  0.0  0.0  0.0  0.0  0.0  0.0  0.0  0.0  0.0  0.0  0.0  0.0  0.0  0.0  0.0  0.0  9.6  19.2  28.8  38.4
  0.0  0.0  0.0  0.0  0.0  0.0  0.0  0.0  0.0  0.0  0.0  0.0  0.0  0.0  0.0  0.0  0.0  0.0  0.0  0.0  0.0  0.0  0.0  0.0  0.0  0.0  0.0  0.0  0.0  0.0  0.0  0.0  0.0  0.0  0.0  0.0  0.0  0.0  0.0  0.0  9.6  19.2  28.8  38.4  48.0
  0.0  0.0  0.0  0.0  0.0  0.0  0.0  0.0  0.0  0.0  0.0  0.0  0.0  0.0  0.0  0.0  0.0  0.0  0.0  0.0  0.0  0.0  0.0  0.0  0.0  0.0  0.0  0.0  0.0  0.0  0.0  0.0  0.0  0.0  0.0  0.0  0.0  0.0  0.0  9.6  19.2  28.8  38.4  48.0  57.6
  0.0  0.0  0.0  0.0  0.0  0.0  0.0  0.0  0.0  0.0  0.0  0.0  0.0  0.0  0.0  0.0  0.0  0.0  0.0  0.0  0.0  0.0  0.0  0.0  0.0  0.0  0.0  0.0  0.0  0.0  0.0  0.0  0.0  0.0  0.0  0.0  0.0  0.0  9.6  19.2  28.8  38.4  48.0  57.6  67.2
  0.0  0.0  0.0  0.0  0.0  0.0  0.0  0.0  0.0  0.0  0.0  0.0  0.0  0.0  0.0  0.0  0.0  0.0  0.0  0.0  0.0  0.0  0.0  0.0  0.0  0.0  0.0  0.0  0.0  0.0  0.0  0.0  0.0  0.0  0.0  0.0  0.0  9.6  19.2  28.8  38.4  48.0  57.6  67.2  76.8
  0.0  0.0  0.0  0.0  0.0  0.0  0.0  0.0  0.0  0.0  0.0  0.0  0.0  0.0  0.0  0.0  0.0  0.0  0.0  0.0  0.0  0.0  0.0  0.0  0.0  0.0  0.0  0.0  0.0  0.0  0.0  0.0  0.0  0.0  0.0  0.0  9.6  19.2  28.8  38.4  48.0  57.6  67.2  76.8  86.4
  0.0  0.0  0.0  0.0  0.0  0.0  0.0  0.0  0.0  0.0  0.0  0.0  0.0  0.0  0.0  0.0  0.0  0.0  0.0  0.0  0.0  0.0  0.0  0.0  0.0  0.0  0.0  0.0  0.0  0.0  0.0  0.0  0.0  0.0  0.0  9.6  19.2  28.8  38.4  48.0  57.6  67.2  76.8  86.4  96.0
  0.0  0.0  0.0  0.0  0.0  0.0  0.0  0.0  0.0  0.0  0.0  0.0  0.0  0.0  0.0  0.0  0.0  0.0  0.0  0.0  0.0  0.0  0.0  0.0  0.0  0.0  0.0  0.0  0.0  0.0  0.0  0.0  0.0  0.0  9.6  19.2  28.8  38.4  48.0  57.6  67.2  76.8  86.4  96.0  105.6
  0.0  0.0  0.0  0.0  0.0  0.0  0.0  0.0  0.0  0.0  0.0  0.0  0.0  0.0  0.0  0.0  0.0  0.0  0.0  0.0  0.0  0.0  0.0  0.0  0.0  0.0  0.0  0.0  0.0  0.0  0.0  0.0  0.0  9.6  19.2  28.8  38.4  48.0  57.6  67.2  76.8  86.4  96.0  105.6  115.2
  0.0  0.0  0.0  0.0  0.0  0.0  0.0  0.0  0.0  0.0  0.0  0.0  0.0  0.0  0.0  0.0  0.0  0.0  0.0  0.0  0.0  0.0  0.0  0.0  0.0  0.0  0.0  0.0  0.0  0.0  0.0  0.0  9.6  19.2  28.8  38.4  48.0  57.6  67.2  76.8  86.4  96.0  105.6  115.2  124.8
  0.0  0.0  0.0  0.0  0.0  0.0  0.0  0.0  0.0  0.0  0.0  0.0  0.0  0.0  0.0  0.0  0.0  0.0  0.0  0.0  0.0  0.0  0.0  0.0  0.0  0.0  0.0  0.0  0.0  0.0  0.0  9.6  19.2  28.8  38.4  48.0  57.6  67.2  76.8  86.4  96.0  105.6  115.2  124.8  134.4
  0.0  0.0  0.0  0.0  0.0  0.0  0.0  0.0  0.0  0.0  0.0  0.0  0.0  0.0  0.0  0.0  0.0  0.0  0.0  0.0  0.0  0.0  0.0  0.0  0.0  0.0  0.0  0.0  0.0  0.0  9.6  19.2  28.8  38.4  48.0  57.6  67.2  76.8  86.4  96.0  105.6  115.2  124.8  134.4  144.0
  0.0  0.0  0.0  0.0  0.0  0.0  0.0  0.0  0.0  0.0  0.0  0.0  0.0  0.0  0.0  0.0  0.0  0.0  0.0  0.0  0.0  0.0  0.0  0.0  0.0  0.0  0.0  0.0  0.0  9.6  19.2  28.8  38.4  48.0  57.6  67.2  76.8  86.4  96.0  105.6  115.2  124.8  134.4  144.0  153.6
  0.0  0.0  0.0  0.0  0.0  0.0  0.0  0.0  0.0  0.0  0.0  0.0  0.0  0.0  0.0  0.0  0.0  0.0  0.0  0.0  0.0  0.0  0.0  0.0  0.0  0.0  0.0  0.0  9.6  19.2  28.8  38.4  48.0  57.6  67.2  76.8  86.4  96.0  105.6  115.2  124.8  134.4  144.0  153.6  163.2
  0.0  0.0  0.0  0.0  0.0  0.0  0.0  0.0  0.0  0.0  0.0  0.0  0.0  0.0  0.0  0.0  0.0  0.0  0.0  0.0  0.0  0.0  0.0  0.0  0.0  0.0  0.0  9.6  19.2  28.8  38.4  48.0  57.6  67.2  76.8  86.4  96.0  105.6  115.2  124.8  134.4  144.0  153.6  163.2  172.8
  0.0  0.0  0.0  0.0  0.0  0.0  0.0  0.0  0.0  0.0  0.0  0.0  0.0  0.0  0.0  0.0  0.0  0.0  0.0  0.0  0.0  0.0  0.0  0.0  0.0  0.0  9.6  19.2  28.8  38.4  48.0  57.6  67.2  76.8  86.4  96.0  105.6  115.2  124.8  134.4  144.0  153.6  163.2  172.8  182.4
  0.0  0.0  0.0  0.0  0.0  0.0  0.0  0.0  0.0  0.0  0.0  0.0  0.0  0.0  0.0  0.0  0.0  0.0  0.0  0.0  0.0  0.0  0.0  0.0  0.0  9.6  19.2  28.8  38.4  48.0  57.6  67.2  76.8  86.4  96.0  105.6  115.2  124.8  134.4  144.0  153.6  163.2  172.8  182.4  192.0
  0.0  0.0  0.0  0.0  0.0  0.0  0.0  0.0  0.0  0.0  0.0  0.0  0.0  0.0  0.0  0.0  0.0  0.0  0.0  0.0  0.0  0.0  0.0  0.0  9.6  19.2  28.8  38.4  48.0  57.6  67.2  76.8  86.4  96.0  105.6  115.2  124.8  134.4  144.0  153.6  163.2  172.8  182.4  192.0  201.6
  0.0  0.0  0.0  0.0  0.0  0.0  0.0  0.0  0.0  0.0  0.0  0.0  0.0  0.0  0.0  0.0  0.0  0.0  0.0  0.0  0.0  0.0  0.0  9.6  19.2  28.8  38.4  48.0  57.6  67.2  76.8  86.4  96.0  105.6  115.2  124.8  134.4  144.0  153.6  163.2  172.8  182.4  192.0  201.6  211.2
  0.0  0.0  0.0  0.0  0.0  0.0  0.0  0.0  0.0  0.0  0.0  0.0  0.0  0.0  0.0  0.0  0.0  0.0  0.0  0.0  0.0  0.0  9.6  19.2  28.8  38.4  48.0  57.6  67.2  76.8  86.4  96.0  105.6  115.2  124.8  134.4  144.0  153.6  163.2  172.8  182.4  192.0  201.6  211.2  220.8
  0.0  0.0  0.0  0.0  0.0  0.0  0.0  0.0  0.0  0.0  0.0  0.0  0.0  0.0  0.0  0.0  0.0  0.0  0.0  0.0  0.0  9.6  19.2  28.8  38.4  48.0  57.6  67.2  76.8  86.4  96.0  105.6  115.2  124.8  134.4  144.0  153.6  163.2  172.8  182.4  192.0  201.6  211.2  220.8  230.4
  0.0  0.0  0.0  0.0  0.0  0.0  0.0  0.0  0.0  0.0  0.0  0.0  0.0  0.0  0.0  0.0  0.0  0.0  0.0  0.0  9.6  19.2  28.8  38.4  48.0  57.6  67.2  76.8  86.4  96.0  105.6  115.2  124.8  134.4  144.0  153.6  163.2  172.8  182.4  192.0  201.6  211.2  220.8  230.4  240.0
  0.0  0.0  0.0  0.0  0.0  0.0  0.0  0.0  0.0  0.0  0.0  0.0  0.0  0.0  0.0  0.0  0.0  0.0  0.0  9.6  19.2  28.8  38.4  48.0  57.6  67.2  76.8  86.4  96.0  105.6  115.2  124.8  134.4  144.0  153.6  163.2  172.8  182.4  192.0  201.6  211.2  220.8  230.4  240.0  249.6
  0.0  0.0  0.0  0.0  0.0  0.0  0.0  0.0  0.0  0.0  0.0  0.0  0.0  0.0  0.0  0.0  0.0  0.0  9.6  19.2  28.8  38.4  48.0  57.6  67.2  76.8  86.4  96.0  105.6  115.2  124.8  134.4  144.0  153.6  163.2  172.8  182.4  192.0  201.6  211.2  220.8  230.4  240.0  249.6  259.2
  0.0  0.0  0.0  0.0  0.0  0.0  0.0  0.0  0.0  0.0  0.0  0.0  0.0  0.0  0.0  0.0  0.0  9.6  19.2  28.8  38.4  48.0  57.6  67.2  76.8  86.4  96.0  105.6  115.2  124.8  134.4  144.0  153.6  163.2  172.8  182.4  192.0  201.6  211.2  220.8  230.4  240.0  249.6  259.2  268.8
  0.0  0.0  0.0  0.0  0.0  0.0  0.0  0.0  0.0  0.0  0.0  0.0  0.0  0.0  0.0  0.0  9.6  19.2  28.8  38.4  48.0  57.6  67.2  76.8  86.4  96.0  105.6  115.2  124.8  134.4  144.0  153.6  163.2  172.8  182.4  192.0  201.6  211.2  220.8  230.4  240.0  249.6  259.2  268.8  278.4
  0.0  0.0  0.0  0.0  0.0  0.0  0.0  0.0  0.0  0.0  0.0  0.0  0.0  0.0  0.0  9.6  19.2  28.8  38.4  48.0  57.6  67.2  76.8  86.4  96.0  105.6  115.2  124.8  134.4  144.0  153.6  163.2  172.8  182.4  192.0  201.6  211.2  220.8  230.4  240.0  249.6  259.2  268.8  278.4  288.0
  0.0  0.0  0.0  0.0  0.0  0.0  0.0  0.0  0.0  0.0  0.0  0.0  0.0  0.0  9.6  19.2  28.8  38.4  48.0  57.6  67.2  76.8  86.4  96.0  105.6  115.2  124.8  134.4  144.0  153.6  163.2  172.8  182.4  192.0  201.6  211.2  220.8  230.4  240.0  249.6  259.2  268.8  278.4  288.0  297.6
  0.0  0.0  0.0  0.0  0.0  0.0  0.0  0.0  0.0  0.0  0.0  0.0  0.0  9.6  19.2  28.8  38.4  48.0  57.6  67.2  76.8  86.4  96.0  105.6  115.2  124.8  134.4  144.0  153.6  163.2  172.8  182.4  192.0  201.6  211.2  220.8  230.4  240.0  249.6  259.2  268.8  278.4  288.0  297.6  307.2
  0.0  0.0  0.0  0.0  0.0  0.0  0.0  0.0  0.0  0.0  0.0  0.0  9.6  19.2  28.8  38.4  48.0  57.6  67.2  76.8  86.4  96.0  105.6  115.2  124.8  134.4  144.0  153.6  163.2  172.8  182.4  192.0  201.6  211.2  220.8  230.4  240.0  249.6  259.2  268.8  278.4  288.0  297.6  307.2  316.8
  0.0  0.0  0.0  0.0  0.0  0.0  0.0  0.0  0.0  0.0  0.0  9.6  19.2  28.8  38.4  48.0  57.6  67.2  76.8  86.4  96.0  105.6  115.2  124.8  134.4  144.0  153.6  163.2  172.8  182.4  192.0  201.6  211.2  220.8  230.4  240.0  249.6  259.2  268.8  278.4  288.0  297.6  307.2  316.8  326.4
  0.0  0.0  0.0  0.0  0.0  0.0  0.0  0.0  0.0  0.0  9.6  19.2  28.8  38.4  48.0  57.6  67.2  76.8  86.4  96.0  105.6  115.2  124.8  134.4  144.0  153.6  163.2  172.8  182.4  192.0  201.6  211.2  220.8  230.4  240.0  249.6  259.2  268.8  278.4  288.0  297.6  307.2  316.8  326.4  336.0
  0.0  0.0  0.0  0.0  0.0  0.0  0.0  0.0  0.0  9.6  19.2  28.8  38.4  48.0  57.6  67.2  76.8  86.4  96.0  105.6  115.2  124.8  134.4  144.0  153.6  163.2  172.8  182.4  192.0  201.6  211.2  220.8  230.4  240.0  249.6  259.2  268.8  278.4  288.0  297.6  307.2  316.8  326.4  336.0  345.6
  0.0  0.0  0.0  0.0  0.0  0.0  0.0  0.0  9.6  19.2  28.8  38.4  48.0  57.6  67.2  76.8  86.4  96.0  105.6  115.2  124.8  134.4  144.0  153.6  163.2  172.8  182.4  192.0  201.6  211.2  220.8  230.4  240.0  249.6  259.2  268.8  278.4  288.0  297.6  307.2  316.8  326.4  336.0  345.6  355.2
  0.0  0.0  0.0  0.0  0.0  0.0  0.0  9.6  19.2  28.8  38.4  48.0  57.6  67.2  76.8  86.4  96.0  105.6  115.2  124.8  134.4  144.0  153.6  163.2  172.8  182.4  192.0  201.6  211.2  220.8  230.4  240.0  249.6  259.2  268.8  278.4  288.0  297.6  307.2  316.8  326.4  336.0  345.6  355.2  364.8
  0.0  0.0  0.0  0.0  0.0  0.0  9.6  19.2  28.8  38.4  48.0  57.6  67.2  76.8  86.4  96.0  105.6  115.2  124.8  134.4  144.0  153.6  163.2  172.8  182.4  192.0  201.6  211.2  220.8  230.4  240.0  249.6  259.2  268.8  278.4  288.0  297.6  307.2  316.8  326.4  336.0  345.6  355.2  364.8  374.4
  0.0  0.0  0.0  0.0  0.0  9.6  19.2  28.8  38.4  48.0  57.6  67.2  76.8  86.4  96.0  105.6  115.2  124.8  134.4  144.0  153.6  163.2  172.8  182.4  192.0  201.6  211.2  220.8  230.4  240.0  249.6  259.2  268.8  278.4  288.0  297.6  307.2  316.8  326.4  336.0  345.6  355.2  364.8  374.4  384.0
  0.0  0.0  0.0  0.0  9.6  19.2  28.8  38.4  48.0  57.6  67.2  76.8  86.4  96.0  105.6  115.2  124.8  134.4  144.0  153.6  163.2  172.8  182.4  192.0  201.6  211.2  220.8  230.4  240.0  249.6  259.2  268.8  278.4  288.0  297.6  307.2  316.8  326.4  336.0  345.6  355.2  364.8  374.4  384.0  393.6
  0.0  0.0  0.0  9.6  19.2  28.8  38.4  48.0  57.6  67.2  76.8  86.4  96.0  105.6  115.2  124.8  134.4  144.0  153.6  163.2  172.8  182.4  192.0  201.6  211.2  220.8  230.4  240.0  249.6  259.2  268.8  278.4  288.0  297.6  307.2  316.8  326.4  336.0  345.6  355.2  364.8  374.4  384.0  393.6  403.2
  0.0  0.0  9.6  19.2  28.8  38.4  48.0  57.6  67.2  76.8  86.4  96.0  105.6  115.2  124.8  134.4  144.0  153.6  163.2  172.8  182.4  192.0  201.6  211.2  220.8  230.4  240.0  249.6  259.2  268.8  278.4  288.0  297.6  307.2  316.8  326.4  336.0  345.6  355.2  364.8  374.4  384.0  393.6  403.2  412.8
  0.0  9.6  19.2  28.8  38.4  48.0  57.6  67.2  76.8  86.4  96.0  105.6  115.2  124.8  134.4  144.0  153.6  163.2  172.8  182.4  192.0  201.6  211.2  220.8  230.4  240.0  249.6  259.2  268.8  278.4  288.0  297.6  307.2  316.8  326.4  336.0  345.6  355.2  364.8  374.4  384.0  393.6  403.2  412.8  422.4
  9.6  19.2  28.8  38.4  48.0  57.6  67.2  76.8  86.4  96.0  105.6  115.2  124.8  134.4  144.0  153.6  163.2  172.8  182.4  192.0  201.6  211.2  220.8  230.4  240.0  249.6  259.2  268.8  278.4  288.0  297.6  307.2  316.8  326.4  336.0  345.6  355.2  364.8  374.4  384.0  393.6  403.2  412.8  422.4  432.0
  19.2  28.8  38.4  48.0  57.6  67.2  76.8  86.4  96.0  105.6  115.2  124.8  134.4  144.0  153.6  163.2  172.8  182.4  192.0  201.6  211.2  220.8  230.4  240.0  249.6  259.2  268.8  278.4  288.0  297.6  307.2  316.8  326.4  336.0  345.6  355.2  364.8  374.4  384.0  393.6  403.2  412.8  422.4  432.0  441.6
  28.8  38.4  48.0  57.6  67.2  76.8  86.4  96.0  105.6  115.2  124.8  134.4  144.0  153.6  163.2  172.8  182.4  192.0  201.6  211.2  220.8  230.4  240.0  249.6  259.2  268.8  278.4  288.0  297.6  307.2  316.8  326.4  336.0  345.6  355.2  364.8  374.4  384.0  393.6  403.2  412.8  422.4  432.0  441.6  451.2
  38.4  48.0  57.6  67.2  76.8  86.4  96.0  105.6  115.2  124.8  134.4  144.0  153.6  163.2  172.8  182.4  192.0  201.6  211.2  220.8  230.4  240.0  249.6  259.2  268.8  278.4  288.0  297.6  307.2  316.8  326.4  336.0  345.6  355.2  364.8  374.4  384.0  393.6  403.2  412.8  422.4  432.0  441.6  451.2  460.8
  48.0  57.6  67.2  76.8  86.4  96.0  105.6  115.2  124.8  134.4  144.0  153.6  163.2  172.8  182.4  192.0  201.6  211.2  220.8  230.4  240.0  249.6  259.2  268.8  278.4  288.0  297.6  307.2  316.8  326.4  336.0  345.6  355.2  364.8  374.4  384.0  393.6  403.2  412.8  422.4  432.0  441.6  451.2  460.8  470.4
  57.6  67.2  76.8  86.4  96.0  105.6  115.2  124.8  134.4  144.0  153.6  163.2  172.8  182.4  192.0  201.6  211.2  220.8  230.4  240.0  249.6  259.2  268.8  278.4  288.0  297.6  307.2  316.8  326.4  336.0  345.6  355.2  364.8  374.4  384.0  393.6  403.2  412.8  422.4  432.0  441.6  451.2  460.8  470.4  480.0